0, 0 0 0;
1, 0 0 10;
2, 0 0 20;
3, 0 0 30;
4, 0 10 0;
5, 0 10 10;
6, 0 10 20;
7, 0 10 30;
8, 0 20 0;
9, 0 20 10;
10, 0 20 20;
11, 0 20 30;
12, 0 30 0;
13, 0 30 10;
14, 0 30 20;
15, 0 30 30;
16, 10 0 0;
17, 10 0 10;
18, 10 0 20;
19, 10 0 30;
20, 10 10 0;
21, 10 10 10;
22, 10 10 20;
23, 10 10 30;
24, 10 20 0;
25, 10 20 10;
26, 10 20 20;
27, 10 20 30;
28, 10 30 0;
29, 10 30 10;
30, 10 30 20;
31, 10 30 30;
32, 20 0 0;
33, 20 0 10;
34, 20 0 20;
35, 20 0 30;
36, 20 10 0;
37, 20 10 10;
38, 20 10 20;
39, 20 10 30;
40, 20 20 0;
41, 20 20 10;
42, 20 20 20;
43, 20 20 30;
44, 20 30 0;
45, 20 30 10;
46, 20 30 20;
47, 20 30 30;
48, 30 0 0;
49, 30 0 10;
50, 30 0 20;
51, 30 0 30;
52, 30 10 0;
53, 30 10 10;
54, 30 10 20;
55, 30 10 30;
56, 30 20 0;
57, 30 20 10;
58, 30 20 20;
59, 30 20 30;
60, 30 30 0;
61, 30 30 10;
62, 30 30 20;
63, 30 30 30;
64, 0 0 0;
65, 0 0 21;
66, 0 0 42;
67, 0 0 63;
68, 0 21 0;
69, 0 21 21;
70, 0 21 42;
71, 0 21 63;
72, 0 42 0;
73, 0 42 21;
74, 0 42 42;
75, 0 42 63;
76, 0 63 0;
77, 0 63 21;
78, 0 63 42;
79, 0 63 63;
80, 21 0 0;
81, 21 0 21;
82, 21 0 42;
83, 21 0 63;
84, 21 21 0;
85, 21 21 21;
86, 21 21 42;
87, 21 21 63;
88, 21 42 0;
89, 21 42 21;
90, 21 42 42;
91, 21 42 63;
92, 21 63 0;
93, 21 63 21;
94, 21 63 42;
95, 21 63 63;
96, 42 0 0;
97, 42 0 21;
98, 42 0 42;
99, 42 0 63;
100, 42 21 0;
101, 42 21 21;
102, 42 21 42;
103, 42 21 63;
104, 42 42 0;
105, 42 42 21;
106, 42 42 42;
107, 42 42 63;
108, 42 63 0;
109, 42 63 21;
110, 42 63 42;
111, 42 63 63;
112, 63 0 0;
113, 63 0 21;
114, 63 0 42;
115, 63 0 63;
116, 63 21 0;
117, 63 21 21;
118, 63 21 42;
119, 63 21 63;
120, 63 42 0;
121, 63 42 21;
122, 63 42 42;
123, 63 42 63;
124, 63 63 0;
125, 63 63 21;
126, 63 63 42;
127, 63 63 63;